-0.99999732 0.00006218 0.00232923 1.22592711 -0.00233006 -0.02664721 -0.99964219 1.35376823 -0.00000009 -0.99964494 0.02664726 -8.92485142 0.00000000 0.00000000 0.00000000 1.00000000
-0.99999475 -0.00001674 -0.00323255 1.22311258 0.00323260 -0.00520535 -0.99998122 1.49973416 -0.00000009 -0.99998647 0.00520538 -8.97823334 0.00000000 0.00000000 0.00000000 1.00000000
-0.99982387 -0.00000807 -0.01877647 1.16952753 0.01877647 -0.00043455 -0.99982369 1.79692197 -0.00000009 -1.00000000 0.00043448 -8.99128723 0.00000000 0.00000000 0.00000000 1.00000000
-0.99998593 0.00000009 -0.00532015 1.15884042 0.00532015 -0.00000013 -0.99998587 2.15210676 -0.00000009 -1.00000000 0.00000004 -8.99250031 0.00000000 0.00000000 0.00000000 1.00000000
-0.99999404 0.00000009 -0.00347129 1.14512527 0.00347129 0.00000006 -0.99999398 2.49618435 -0.00000009 -1.00000000 -0.00000011 -8.99250031 0.00000000 0.00000000 0.00000000 1.00000000
-0.99999976 0.00000009 0.00079596 1.14695275 -0.00079596 -0.00000012 -0.99999970 2.84158611 -0.00000009 -1.00000000 0.00000004 -8.99250031 0.00000000 0.00000000 0.00000000 1.00000000
-0.99996489 0.00000009 0.00841914 1.16675663 -0.00841914 -0.00000015 -0.99996471 3.18349028 -0.00000009 -1.00000012 -0.00000015 -8.99250031 0.00000000 0.00000000 0.00000000 1.00000000
-0.99997580 0.00000009 0.00694532 1.16764796 -0.00694532 0.00000011 -0.99997586 3.54141378 -0.00000009 -1.00000000 -0.00000006 -8.99250031 0.00000000 0.00000000 0.00000000 1.00000000
-0.99974012 0.00000009 0.02280872 1.22001398 -0.02280872 -0.00000006 -0.99974000 3.89152718 -0.00000009 -1.00000012 -0.00000023 -8.99250031 0.00000000 0.00000000 0.00000000 1.00000000
-0.99986571 0.00000009 0.01639577 1.23197210 -0.01639577 -0.00000008 -0.99986565 4.24040174 -0.00000009 -1.00000012 -0.00000008 -8.99250031 0.00000000 0.00000000 0.00000000 1.00000000
-0.99999976 0.00000009 -0.00098465 1.22193909 0.00098465 -0.00000004 -0.99999964 4.58777189 -0.00000009 -1.00000012 -0.00000021 -8.99250031 0.00000000 0.00000000 0.00000000 1.00000000
-0.99983150 0.00000009 -0.01835399 1.17362642 0.01835399 0.00000010 -0.99983156 4.93131495 -0.00000009 -1.00000000 -0.00000007 -8.99250031 0.00000000 0.00000000 0.00000000 1.00000000
-0.99993151 0.00000009 -0.01172520 1.15482414 0.01172520 -0.00000011 -0.99993140 5.29018879 -0.00000009 -1.00000012 -0.00000011 -8.99250031 0.00000000 0.00000000 0.00000000 1.00000000
-0.99999166 0.00000009 -0.00409666 1.14472938 0.00409666 -0.00000012 -0.99999166 5.63491154 -0.00000009 -1.00000000 0.00000005 -8.99250031 0.00000000 0.00000000 0.00000000 1.00000000
-0.99999928 0.00000009 -0.00124190 1.14315057 0.00124190 -0.00000001 -0.99999923 5.98724747 -0.00000009 -1.00000000 -0.00000001 -8.99250031 0.00000000 0.00000000 0.00000000 1.00000000
-0.99999857 0.00000009 0.00171768 1.14818931 -0.00171768 -0.00000003 -0.99999857 6.34303761 -0.00000009 -1.00000000 -0.00000003 -8.99250031 0.00000000 0.00000000 0.00000000 1.00000000
-0.99999487 0.00000009 0.00328651 1.15620446 -0.00328651 -0.00000014 -0.99999475 6.68839312 -0.00000009 -1.00000012 -0.00000014 -8.99250031 0.00000000 0.00000000 0.00000000 1.00000000
-0.99996656 0.00000009 0.00817662 1.18600559 -0.00817662 -0.00000033 -0.99996656 7.04358339 -0.00000009 -1.00000000 0.00000035 -8.99250031 0.00000000 0.00000000 0.00000000 1.00000000
-0.99999857 0.00000009 0.00169140 1.22469354 -0.00169140 -0.00000034 -0.99999857 7.38515425 -0.00000009 -1.00000000 0.00000033 -8.99250031 0.00000000 0.00000000 0.00000000 1.00000000
-0.99999690 0.00000009 -0.00249580 1.22499323 0.00249580 -0.00000034 -0.99999690 7.72951603 -0.00000009 -1.00000000 0.00000033 -8.99250031 0.00000000 0.00000000 0.00000000 1.00000000
-0.99991614 0.00000008 -0.01297154 1.18740416 0.01297154 -0.00000039 -0.99991602 8.06863022 -0.00000009 -1.00000012 0.00000011 -8.99250031 0.00000000 0.00000000 0.00000000 1.00000000
-0.99995780 0.00000008 -0.00918167 1.15616584 0.00918167 -0.00000031 -0.99995780 8.42654133 -0.00000009 -0.99999994 0.00000037 -8.99250031 0.00000000 0.00000000 0.00000000 1.00000000
-0.99999201 0.00000009 -0.00400013 1.14661086 0.00400013 -0.00000026 -0.99999201 8.77353573 -0.00000009 -1.00000000 0.00000025 -8.99250031 0.00000000 0.00000000 0.00000000 1.00000000
-0.99998307 0.00000008 -0.00582309 1.14340377 0.00582309 -0.00000069 -0.99998307 9.12908268 -0.00000009 -1.00000000 0.00000066 -8.99250031 0.00000000 0.00000000 0.00000000 1.00000000
-1.00000012 0.00000009 0.00056019 1.14701390 -0.00056019 -0.00000072 -1.00000000 9.48482990 -0.00000009 -1.00000012 0.00000046 -8.99250031 0.00000000 0.00000000 0.00000000 1.00000000
-0.99997801 0.00000009 0.00661346 1.16323113 -0.00661346 -0.00000028 -0.99997807 9.82880306 -0.00000009 -0.99999994 0.00000040 -8.99250126 0.00000000 0.00000000 0.00000000 1.00000000
-0.99974489 0.00000012 0.02259284 1.21997213 -0.02259284 -0.00000149 -0.99974483 10.17656708 -0.00000009 -1.00000000 0.00000138 -8.99250126 0.00000000 0.00000000 0.00000000 1.00000000
-0.99971956 0.00000064 0.02368775 1.23197210 -0.02368775 -0.00002326 -0.99971950 10.52575302 -0.00000009 -1.00000012 0.00002310 -8.99250126 0.00000000 0.00000000 0.00000000 1.00000000
-0.99996811 0.00000171 0.00802427 1.22378230 -0.00802427 -0.00020185 -0.99996793 10.87285233 -0.00000009 -1.00000012 0.00020157 -8.99250126 0.00000000 0.00000000 0.00000000 1.00000000
-0.99985266 -0.00001523 -0.01717278 1.18176556 0.01717279 -0.00089212 -0.99985218 11.21455574 -0.00000009 -0.99999964 0.00089214 -8.99250126 0.00000000 0.00000000 0.00000000 1.00000000
-0.99955457 -0.00007361 -0.02985298 1.15779555 0.02985308 -0.00246776 -0.99955136 11.56959248 -0.00000009 -0.99999708 0.00246860 -8.99250126 0.00000000 0.00000000 0.00000000 1.00000000
-0.99941874 -0.00017861 -0.03409547 1.15960526 0.03409594 -0.00523808 -0.99940491 11.91131878 -0.00000008 -0.99998635 0.00524093 -8.99250221 0.00000000 0.00000000 0.00000000 1.00000000
-0.48650038 -0.00493863 -0.87366664 1.14545393 0.87368065 -0.00275024 -0.48649246 12.26953506 -0.00000006 -0.99998420 0.00565255 -8.99250221 0.00000000 0.00000000 0.00000000 1.00000000
-0.51985705 -0.00624864 -0.85423046 1.14476669 0.85425335 -0.00380272 -0.51984310 12.62069321 -0.00000006 -0.99997330 0.00731475 -8.99250221 0.00000000 0.00000000 0.00000000 1.00000000
-0.46904245 -0.00831364 -0.88313663 1.15696526 0.88317573 -0.00441557 -0.46902159 12.96465302 -0.00000020 -0.99995577 0.00941337 -8.99250507 0.00000000 0.00000000 0.00000000 1.00000000
-0.36695054 -0.01094857 -0.93017620 1.16573477 0.93024063 -0.00431903 -0.36692500 13.32123756 -0.00000004 -0.99993086 0.01176950 -8.99256611 0.00000000 0.00000000 0.00000000 1.00000000
-0.26984170 -0.01365030 -0.96280807 1.20156658 0.96290481 -0.00382541 -0.26981449 13.64132977 0.00000001 -0.99989963 0.01417606 -8.99306011 0.00000000 0.00000000 0.00000000 1.00000000
-0.22624803 -0.01511130 -0.97395265 1.22780955 0.97406983 -0.00350999 -0.22622070 13.89537907 0.00000002 -0.99987978 0.01551346 -8.99489307 0.00000000 0.00000000 0.00000000 1.00000000
-0.17350106 -0.01616524 -0.98470104 1.23197210 0.98483372 -0.00284797 -0.17347765 14.05320549 -0.00000005 -0.99986529 0.01641415 -8.99863529 0.00000000 0.00000000 0.00000000 1.00000000
-0.15765803 -0.01738772 -0.98734075 1.23197210 0.98749387 -0.00277625 -0.15763351 14.03253174 -0.00000014 -0.99984503 0.01760788 -9.00362587 0.00000000 0.00000000 0.00000000 1.00000000
-0.52187097 -0.04921610 -0.85160369 3.69197226 0.85302466 -0.03011020 -0.52100146 13.68753815 -0.00000019 -0.99833429 0.05769599 -9.00897789 0.00000000 0.00000000 0.00000000 1.00000000
0.00310160 -0.05096722 -0.99869561 3.69829631 0.99999529 0.00015789 0.00309767 14.17464733 -0.00000009 -0.99870044 0.05096736 -9.01436806 0.00000000 0.00000000 0.00000000 1.00000000
0.08158334 -0.04905422 -0.99545866 3.71380281 0.99666661 0.00401525 0.08148454 14.32255363 -0.00000008 -0.99878812 0.04921822 -9.01975822 0.00000000 0.00000000 0.00000000 1.00000000
0.10521219 -0.04343414 -0.99350095 3.74484205 0.99444997 0.00459496 0.10511196 14.33861351 -0.00000018 -0.99904591 0.04367637 -9.02519989 0.00000000 0.00000000 0.00000000 1.00000000
0.11924694 -0.04058816 -0.99203479 3.78987169 0.99286473 0.00487459 0.11914741 14.36666870 -0.00000006 -0.99916422 0.04087969 -9.03116989 0.00000000 0.00000000 0.00000000 1.00000000
0.11393081 -0.03838535 -0.99274683 4.00160217 0.99348867 0.00440160 0.11384574 14.53964996 -0.00000034 -0.99925333 0.03863689 -9.03907490 0.00000000 0.00000000 0.00000000 1.00000000
0.03682304 -0.04114403 -0.99847460 4.32981253 0.99932194 0.00151580 0.03679195 14.59896088 -0.00000016 -0.99915218 0.04117182 -9.05027390 0.00000000 0.00000000 0.00000000 1.00000000
-0.00822689 -0.04313062 -0.99903560 4.63217497 0.99996620 -0.00035502 -0.00821918 14.57538986 -0.00000013 -0.99906945 0.04313203 -9.06426430 0.00000000 0.00000000 0.00000000 1.00000000
-0.09296723 -0.03979284 -0.99487382 4.73248482 0.99566931 -0.00371574 -0.09289282 14.32411194 -0.00000009 -0.99920118 0.03996580 -9.07947254 0.00000000 0.00000000 0.00000000 1.00000000
-0.15137403 -0.04180289 -0.98759234 5.27712488 0.98847669 -0.00640175 -0.15123852 14.16975021 -0.00000002 -0.99910545 0.04229013 -9.09494209 0.00000000 0.00000000 0.00000000 1.00000000
-0.14659527 -0.03997329 -0.98838854 5.54774523 0.98919648 -0.00592387 -0.14647558 14.17243385 -0.00000002 -0.99918312 0.04040991 -9.11043358 0.00000000 0.00000000 0.00000000 1.00000000
-0.17949748 -0.03817565 -0.98301744 6.03599358 0.98375845 -0.00696558 -0.17936228 14.09621048 -0.00000002 -0.99924678 0.03880593 -9.12592411 0.00000000 0.00000000 0.00000000 1.00000000
-0.20205705 -0.03178640 -0.97885770 6.46521473 0.97937369 -0.00655786 -0.20195067 14.04534912 0.00000001 -0.99947309 0.03245591 -9.14141560 0.00000000 0.00000000 0.00000000 1.00000000
-0.16351314 -0.02433359 -0.98624110 7.02921820 0.98654121 -0.00403312 -0.16346332 14.19245052 0.00000009 -0.99969584 0.02466548 -9.15690708 0.00000000 0.00000000 0.00000000 1.00000000
-0.04664512 -0.01274249 -0.99883026 7.29147625 0.99891150 -0.00059494 -0.04664133 14.48982906 0.00000008 -0.99991864 0.01275637 -9.17239761 0.00000000 0.00000000 0.00000000 1.00000000
-0.00476116 -0.00120999 -0.99998802 7.49559927 0.99998879 -0.00000593 -0.00476105 14.59894753 -0.00000007 -0.99999934 0.00120991 -9.18788910 0.00000000 0.00000000 0.00000000 1.00000000
0.00090494 0.00960985 -0.99995345 7.81688929 0.99999958 -0.00000863 0.00090492 14.61210728 0.00000009 -0.99995387 -0.00960987 -9.20337868 0.00000000 0.00000000 0.00000000 1.00000000
0.01477350 0.02082690 -0.99967408 8.16573143 0.99989098 -0.00030789 0.01477044 14.61210728 -0.00000003 -0.99978322 -0.02082932 -9.21863651 0.00000000 0.00000000 0.00000000 1.00000000
0.09842353 0.03278664 -0.99460435 8.51457787 0.99514461 -0.00324277 0.09837007 14.61210728 -0.00000008 -0.99945706 -0.03294658 -9.23173141 0.00000000 0.00000000 0.00000000 1.00000000
0.19085090 0.03701030 -0.98092115 8.86343193 0.98161912 -0.00719597 0.19071531 14.61210728 -0.00000014 -0.99928910 -0.03770346 -9.23754025 0.00000000 0.00000000 0.00000000 1.00000000
0.18149936 0.03923567 -0.98260820 9.21230030 0.98339123 -0.00724169 0.18135504 14.61210728 0.00000005 -0.99920398 -0.03989854 -9.23250008 0.00000000 0.00000000 0.00000000 1.00000000
0.16989256 0.03851150 -0.98470974 9.56117821 0.98546255 -0.00663942 0.16976273 14.61210728 -0.00000012 -0.99923605 -0.03907960 -9.22023010 0.00000000 0.00000000 0.00000000 1.00000000
0.13046558 0.04013961 -0.99064004 9.91005898 0.99145293 -0.00528215 0.13035873 14.61210632 -0.00000005 -0.99918020 -0.04048576 -9.20584011 0.00000000 0.00000000 0.00000000 1.00000000
0.12046082 0.03826999 -0.99198025 10.25893974 0.99271816 -0.00464392 0.12037139 14.61210442 0.00000005 -0.99925673 -0.03855082 -9.19123268 0.00000000 0.00000000 0.00000000 1.00000000
0.02523093 0.04078433 -0.99884945 10.60075474 0.99968171 -0.00102962 0.02520999 14.60958862 -0.00000019 -0.99916750 -0.04079740 -9.17662525 0.00000000 0.00000000 0.00000000 1.00000000
0.00952290 0.04158177 -0.99908972 10.88309479 0.99995464 -0.00039614 0.00951466 14.57195759 -0.00000014 -0.99913502 -0.04158366 -9.16201782 0.00000000 0.00000000 0.00000000 1.00000000
-0.01639056 0.04104769 -0.99902290 11.06009960 0.99986583 0.00067257 -0.01637658 14.36034584 -0.00000014 -0.99915713 -0.04105337 -9.14741039 0.00000000 0.00000000 0.00000000 1.00000000
-0.03660890 0.04662168 -0.99824172 11.58836079 0.99932981 0.00170776 -0.03656888 14.08231354 0.00000001 -0.99891132 -0.04665311 -9.13280296 0.00000000 0.00000000 0.00000000 1.00000000
0.09028527 0.05122576 -0.99459761 12.02737427 0.99591589 -0.00464407 0.09016572 14.09254360 -0.00000020 -0.99867630 -0.05143581 -9.11819553 0.00000000 0.00000000 0.00000000 1.00000000
0.27704105 0.05412120 -0.95933270 12.50027275 0.96085817 -0.01560468 0.27660131 14.10541153 -0.00000001 -0.99841249 -0.05632599 -9.10358810 0.00000000 0.00000000 0.00000000 1.00000000
0.53530258 0.04658708 -0.84337467 12.76950741 0.84466040 -0.02952465 0.53448778 14.23583031 -0.00000010 -0.99847782 -0.05515489 -9.08897972 0.00000000 0.00000000 0.00000000 1.00000000
0.82285011 0.02871174 -0.56753272 13.26643848 0.56825852 -0.04157532 0.82179910 14.24716091 -0.00000006 -0.99872273 -0.05052594 -9.07435417 0.00000000 0.00000000 0.00000000 1.00000000
0.94746256 0.01006522 -0.31970829 13.46800613 0.31986669 -0.02981412 0.94699347 14.53722191 -0.00000008 -0.99950492 -0.03146730 -9.05951405 0.00000000 0.00000000 0.00000000 1.00000000
0.98440385 0.00371537 -0.17588425 13.72219467 0.17592350 -0.02079043 0.98418438 14.54491997 -0.00000008 -0.99977708 -0.02111980 -9.04384995 0.00000000 0.00000000 0.00000000 1.00000000
0.99707031 0.00099109 -0.07648421 13.99096012 0.07649063 -0.01292025 0.99698663 14.40839005 -0.00000009 -0.99991608 -0.01295821 -9.02697182 0.00000000 0.00000000 0.00000000 1.00000000
0.99927342 0.00024997 -0.03811192 14.20113945 0.03811274 -0.00655640 0.99925202 14.17802811 -0.00000009 -0.99997860 -0.00656117 -9.01069450 0.00000000 0.00000000 0.00000000 1.00000000
0.99979788 0.00004710 -0.02010587 14.33172798 0.02010592 -0.00234663 0.99979520 13.88364124 -0.00000009 -0.99999732 -0.00234711 -8.99902534 0.00000000 0.00000000 0.00000000 1.00000000
0.99993914 0.00000513 -0.01102955 14.36970711 0.01102956 -0.00047313 0.99993908 13.56640339 -0.00000009 -0.99999988 -0.00047315 -8.99382687 0.00000000 0.00000000 0.00000000 1.00000000
0.99895912 0.00000166 -0.04561476 14.24307442 0.04561476 -0.00003846 0.99895906 13.30195904 -0.00000009 -0.99999994 -0.00003850 -8.99261189 0.00000000 0.00000000 0.00000000 1.00000000
0.99975157 -0.00000008 -0.02229040 14.18584061 0.02229040 -0.00000046 0.99975169 12.91584778 -0.00000008 -1.00000012 -0.00000046 -8.99250221 0.00000000 0.00000000 0.00000000 1.00000000
0.99984205 -0.00000008 -0.01777183 14.14885139 0.01777183 -0.00000054 0.99984229 12.52052116 -0.00000009 -1.00000024 -0.00000054 -8.99250221 0.00000000 0.00000000 0.00000000 1.00000000
0.99999917 -0.00000009 -0.00127241 14.14981651 0.00127241 -0.00000088 0.99999940 12.15210342 -0.00000009 -1.00000024 -0.00000088 -8.99250221 0.00000000 0.00000000 0.00000000 1.00000000
0.99984676 -0.00000010 0.01750723 14.19441414 -0.01750723 -0.00000057 0.99984670 11.75632763 -0.00000009 -1.00000000 -0.00000057 -8.99250221 0.00000000 0.00000000 0.00000000 1.00000000
0.99879277 -0.00000011 0.04912274 14.30681324 -0.04912274 -0.00000064 0.99879283 11.40737915 -0.00000008 -1.00000000 -0.00000065 -8.99250221 0.00000000 0.00000000 0.00000000 1.00000000
0.99820644 -0.00000010 0.05986567 14.38761425 -0.05986567 -0.00000039 0.99820650 11.10461044 -0.00000008 -1.00000012 -0.00000040 -8.99250126 0.00000000 0.00000000 0.00000000 1.00000000
0.99997175 -0.00000009 0.00751500 14.40060329 -0.00751500 -0.00000043 0.99997193 10.76535606 -0.00000009 -1.00000012 -0.00000043 -8.99250126 0.00000000 0.00000000 0.00000000 1.00000000
0.99995565 -0.00000009 -0.00941800 14.37414932 0.00941800 -0.00000039 0.99995577 10.43143082 -0.00000009 -1.00000012 -0.00000039 -8.99250126 0.00000000 0.00000000 0.00000000 1.00000000
0.99875462 -0.00000008 -0.04989209 14.24750710 0.04989209 -0.00000033 0.99875468 10.15003014 -0.00000009 -1.00000012 -0.00000033 -8.99250126 0.00000000 0.00000000 0.00000000 1.00000000
0.99899477 -0.00000008 -0.04482659 14.19741631 0.04482659 -0.00000025 0.99899477 9.78826237 -0.00000009 -1.00000000 -0.00000024 -8.99250126 0.00000000 0.00000000 0.00000000 1.00000000
0.99980837 -0.00000008 -0.01957669 14.15334320 0.01957669 -0.00000003 0.99980831 9.38044071 -0.00000009 -0.99999994 -0.00000003 -8.99250031 0.00000000 0.00000000 0.00000000 1.00000000
0.99999809 -0.00000009 -0.00195858 14.14638042 0.00195858 -0.00000008 0.99999809 9.01309776 -0.00000009 -1.00000000 -0.00000008 -8.99250031 0.00000000 0.00000000 0.00000000 1.00000000
0.99995673 -0.00000009 0.00930548 14.17031479 -0.00930548 -0.00000003 0.99995673 8.63201141 -0.00000009 -1.00000000 -0.00000004 -8.99250031 0.00000000 0.00000000 0.00000000 1.00000000
0.99976635 -0.00000009 0.02161665 14.21714973 -0.02161665 -0.00000014 0.99976647 8.26226711 -0.00000009 -1.00000012 -0.00000014 -8.99250031 0.00000000 0.00000000 0.00000000 1.00000000
0.99864852 -0.00000008 0.05197198 14.37954426 -0.05197198 0.00000006 0.99864858 7.96316671 -0.00000008 -1.00000000 0.00000006 -8.99250031 0.00000000 0.00000000 0.00000000 1.00000000
0.99962544 -0.00000008 0.02736718 14.40060329 -0.02736718 0.00000005 0.99962550 7.62268066 -0.00000009 -1.00000000 0.00000005 -8.99250031 0.00000000 0.00000000 0.00000000 1.00000000
0.99999988 -0.00000009 0.00044588 14.39063931 -0.00044588 -0.00000018 1.00000012 7.28476667 -0.00000009 -1.00000024 -0.00000018 -8.99250031 0.00000000 0.00000000 0.00000000 1.00000000
0.99963146 -0.00000009 -0.02714571 14.32293129 0.02714571 0.00000003 0.99963152 6.99106455 -0.00000009 -1.00000000 0.00000004 -8.99250031 0.00000000 0.00000000 0.00000000 1.00000000
0.99827600 -0.00000009 -0.05869413 14.20675850 0.05869413 0.00000001 0.99827600 6.65244818 -0.00000009 -1.00000000 0.00000001 -8.99250031 0.00000000 0.00000000 0.00000000 1.00000000
0.99946755 -0.00000009 -0.03262792 14.15181160 0.03262792 -0.00000000 0.99946767 6.24009085 -0.00000009 -1.00000012 0.00000000 -8.99250031 0.00000000 0.00000000 0.00000000 1.00000000
0.99998987 -0.00000009 -0.00449716 14.14466190 0.00449716 -0.00000013 0.99998993 5.87537956 -0.00000009 -1.00000000 -0.00000013 -8.99250031 0.00000000 0.00000000 0.00000000 1.00000000
0.99998903 -0.00000009 0.00468733 14.15760422 -0.00468733 -0.00000006 0.99998897 5.50829697 -0.00000009 -1.00000000 -0.00000006 -8.99250031 0.00000000 0.00000000 0.00000000 1.00000000
0.99966371 -0.00000009 0.02593245 14.23090172 -0.02593245 -0.00000004 0.99966365 5.10697985 -0.00000009 -0.99999994 -0.00000004 -8.99250031 0.00000000 0.00000000 0.00000000 1.00000000
0.99903870 0.00000060 0.04383698 14.32250023 -0.04383698 0.00001564 0.99903876 4.76985502 -0.00000009 -1.00000000 0.00001565 -8.99250031 0.00000000 0.00000000 0.00000000 1.00000000
0.99988061 0.00000329 0.01545249 14.38938427 -0.01545249 0.00021830 0.99988067 4.47004795 -0.00000009 -1.00000000 0.00021833 -8.99250031 0.00000000 0.00000000 0.00000000 1.00000000
0.99984759 0.00002250 0.01745972 14.40060329 -0.01745973 0.00129336 0.99984670 4.13081884 -0.00000009 -0.99999917 0.00129356 -8.99250031 0.00000000 0.00000000 0.00000000 1.00000000
0.99907410 0.00018710 0.04302203 14.37465286 -0.04302244 0.00434683 0.99906474 3.79688287 -0.00000009 -0.99999064 0.00435085 -8.99250031 0.00000000 0.00000000 0.00000000 1.00000000
0.99826354 0.00057164 0.05890351 14.24112129 -0.05890628 0.00968884 0.99821651 3.50433159 -0.00000009 -0.99995291 0.00970569 -8.99250031 0.00000000 0.00000000 0.00000000 1.00000000
0.99349099 0.00195452 0.11389391 14.15713501 -0.11391068 0.01704748 0.99334472 3.10185623 -0.00000009 -0.99985278 0.01715916 -8.99250031 0.00000000 0.00000000 0.00000000 1.00000000
0.98114097 0.00488743 0.19323188 14.14460373 -0.19329368 0.02480860 0.98082727 2.73479104 -0.00000010 -0.99968028 0.02528544 -8.99250031 0.00000000 0.00000000 0.00000000 1.00000000
0.97183710 0.00804517 0.23551625 14.15995693 -0.23565362 0.03317861 0.97127062 2.37214661 -0.00000007 -0.99941713 0.03414007 -8.99250031 0.00000000 0.00000000 0.00000000 1.00000000
0.96322727 0.01188976 0.26842478 14.19940662 -0.26868799 0.04262421 0.96228385 1.96456873 -0.00000011 -0.99902058 0.04425143 -8.99254417 0.00000000 0.00000000 0.00000000 1.00000000
0.93043905 0.02147583 0.36581680 14.34582520 -0.36644664 0.05452903 0.92883986 1.65148163 -0.00000003 -0.99828124 0.05860568 -8.99311638 0.00000000 0.00000000 0.00000000 1.00000000
0.67341715 0.09898732 0.73260558 14.35202122 -0.73926276 0.09017044 0.66735297 1.34872150 0.00000008 -0.99099487 0.13389994 -8.99609947 0.00000000 0.00000000 0.00000000 1.00000000
0.85402095 0.02315293 0.51972324 14.25611019 -0.52023870 0.03800784 0.85317487 1.04406512 -0.00000011 -0.99900925 0.04450453 -9.00448895 0.00000000 0.00000000 0.00000000 1.00000000
0.82261091 0.02679453 0.56797302 14.07937527 -0.56860471 0.03876425 0.82169712 0.76327932 -0.00000010 -0.99888915 0.04712338 -9.01915169 0.00000000 0.00000000 0.00000000 1.00000000
0.79483426 0.03011757 0.60607874 13.85875416 -0.60682660 0.03944869 0.79385483 0.49947795 -0.00000012 -0.99876773 0.04963128 -9.03745461 0.00000000 0.00000000 0.00000000 1.00000000
0.73135287 0.03493581 0.68110394 13.65363789 -0.68199933 0.03746401 0.73039275 0.24269348 -0.00000009 -0.99868721 0.05122558 -9.05674553 0.00000000 0.00000000 0.00000000 1.00000000
0.69582558 0.03791810 0.71720922 13.58301544 -0.71821082 0.03673630 0.69485527 -0.00716412 -0.00000009 -0.99860543 0.05279522 -9.07613277 0.00000000 0.00000000 0.00000000 1.00000000
0.63201112 0.03904317 0.77397525 13.57476807 -0.77495939 0.03184126 0.63120866 -0.27471614 -0.00000009 -0.99873024 0.05038084 -9.09552002 0.00000000 0.00000000 0.00000000 1.00000000
0.62929815 0.03537535 0.77635849 13.58560562 -0.77716404 0.02864471 0.62864608 -0.27878004 -0.00000012 -0.99896365 0.04551845 -9.11490726 0.00000000 0.00000000 0.00000000 1.00000000
0.74470681 0.02469822 0.66693461 13.59591579 -0.66739178 0.02755954 0.74419671 0.65996194 -0.00000010 -0.99931502 0.03700716 -9.13429451 0.00000000 0.00000000 0.00000000 1.00000000
0.31672043 0.07226255 0.94576234 12.51383877 -0.94851899 0.02412924 0.31580001 -1.81603849 -0.00000010 -0.99709380 0.07618456 -9.15368176 0.00000000 0.00000000 0.00000000 1.00000000
0.25554401 0.07269016 0.96406096 12.22423077 -0.96679747 0.01921337 0.25482076 -1.92059231 0.00000004 -0.99716955 0.07518647 -9.17306900 0.00000000 0.00000000 0.00000000 1.00000000
0.19568866 0.06199073 0.97870499 11.96593761 -0.98066622 0.01237003 0.19529749 -1.97977328 -0.00000018 -0.99800026 0.06321272 -9.19245625 0.00000000 0.00000000 0.00000000 1.00000000
0.85834587 0.02237172 0.51258355 11.59142971 -0.51307154 0.03742711 0.85752952 -1.96874845 -0.00000012 -0.99904895 0.04360369 -9.21184349 0.00000000 0.00000000 0.00000000 1.00000000
0.85238636 0.02324912 0.52239549 11.47606850 -0.52291262 0.03789772 0.85154361 -2.04844213 -0.00000005 -0.99901128 0.04446073 -9.23122978 0.00000000 0.00000000 0.00000000 1.00000000
0.84536940 0.02479449 0.53360647 11.19212055 -0.53418219 0.03923856 0.84445834 -2.21786308 -0.00000007 -0.99892229 0.04641584 -9.25061607 0.00000000 0.00000000 0.00000000 1.00000000
0.83255309 0.02503780 0.55337924 10.94031429 -0.55394536 0.03763051 0.83170235 -2.42076993 -0.00000005 -0.99897820 0.04519894 -9.27000332 0.00000000 0.00000000 0.00000000 1.00000000
0.82980204 0.01543175 0.55784446 10.80081463 -0.55805784 0.02294635 0.82948476 -2.45894217 -0.00000011 -0.99961764 0.02765273 -9.28939056 0.00000000 0.00000000 0.00000000 1.00000000
0.86187273 -0.00772090 0.50706589 10.58846092 -0.50712466 -0.01312189 0.86177295 -2.45894217 -0.00000006 -0.99988419 -0.01522488 -9.30877781 0.00000000 0.00000000 0.00000000 1.00000000
0.92741215 -0.03234411 0.37264001 10.23554516 -0.37404108 -0.08019529 0.92393845 -2.44624209 -0.00000004 -0.99625438 -0.08647212 -9.32816505 0.00000000 0.00000000 0.00000000 1.00000000
0.99659193 -0.01470629 0.08116802 9.56465244 -0.08248953 -0.17767219 0.98062640 -2.45894217 -0.00000008 -0.98397988 -0.17827979 -9.34755135 0.00000000 0.00000000 0.00000000 1.00000000
0.07268219 -0.95624012 0.28341174 9.76819324 -0.99735516 -0.06968600 0.02065360 -5.01894236 0.00000002 -0.28416333 -0.95877594 -9.36693954 0.00000000 0.00000000 0.00000000 1.00000000
0.00000014 0.99475455 -0.10229107 9.65375900 1.00000000 -0.00000020 0.00000001 -5.01894236 -0.00000001 -0.10229107 -0.99475455 -9.38632584 0.00000000 0.00000000 0.00000000 1.00000000
-0.87301475 0.36094528 -0.32796946 9.42214108 0.48769403 0.64612329 -0.58709389 -5.01894236 -0.00000007 -0.67249030 -0.74010605 -9.40457821 0.00000000 0.00000000 0.00000000 1.00000000
-0.87379527 0.28792447 -0.39189491 9.21160126 0.48629427 0.51735538 -0.70417422 -5.01894236 -0.00000002 -0.80588025 -0.59207875 -9.41120148 0.00000000 0.00000000 0.00000000 1.00000000
-0.90081954 0.20842046 -0.38090056 9.07916546 0.43419388 0.43240839 -0.79025233 -5.01894236 -0.00000012 -0.87725931 -0.48001689 -9.37473392 0.00000000 0.00000000 0.00000000 1.00000000
-0.87491512 0.23856699 -0.42143673 9.08216095 0.48427588 0.43100616 -0.76138717 -5.01894236 -0.00000006 -0.87024099 -0.49262595 -9.26355076 0.00000000 0.00000000 0.00000000 1.00000000
-0.86492419 0.24914114 -0.43570077 9.19779587 0.50190288 0.42934221 -0.75083882 -5.01927948 -0.00000006 -0.86809796 -0.49639320 -9.08735275 0.00000000 0.00000000 0.00000000 1.00000000
-0.86044639 0.25264162 -0.44249818 9.35262680 0.50954139 0.42662761 -0.74723262 -5.02051687 -0.00000007 -0.86842459 -0.49582165 -8.88185215 0.00000000 0.00000000 0.00000000 1.00000000
-0.86673760 0.24690548 -0.43336314 9.56214046 0.49876440 0.42906466 -0.75308537 -5.03395844 -0.00000011 -0.86887354 -0.49503416 -8.66986752 0.00000000 0.00000000 0.00000000 1.00000000
-0.88019633 0.23339725 -0.41325584 9.74928761 0.47461003 0.43285072 -0.76641089 -5.01894236 -0.00000006 -0.87072730 -0.49176636 -8.45733452 0.00000000 0.00000000 0.00000000 1.00000000
-0.83614814 0.33021259 -0.43796799 9.93608284 0.54850370 0.50338143 -0.66764575 -4.09894180 -0.00000008 -0.79847777 -0.60202432 -8.24480152 0.00000000 0.00000000 0.00000000 1.00000000
-0.80184865 0.41683650 -0.42812002 9.92275047 0.59752774 0.55937076 -0.57451290 -3.68620586 -0.00000007 -0.71648574 -0.69760215 -8.30933189 0.00000000 0.00000000 0.00000000 1.00000000
-0.38624719 0.81824732 -0.42577532 10.31308079 0.92239541 0.34263572 -0.17829071 -2.45894527 -0.00000004 -0.46159744 -0.88708961 -7.81973505 0.00000000 0.00000000 0.00000000 1.00000000
-0.30403861 0.88787240 -0.34531626 10.49915123 0.95265979 0.28336176 -0.11020675 -2.45894194 -0.00000010 -0.36247599 -0.93199325 -7.60720205 0.00000000 0.00000000 0.00000000 1.00000000
-0.62943423 0.74116498 -0.23342501 10.68352127 0.77705389 0.60036308 -0.18908049 -2.45894384 -0.00000006 -0.30039752 -0.95381421 -7.39466858 0.00000000 0.00000000 0.00000000 1.00000000
-0.99954164 0.01917318 -0.02343269 10.86954689 0.03027709 0.63296509 -0.77358806 -2.45894217 -0.00000006 -0.77394289 -0.63325554 -7.18213558 0.00000000 0.00000000 0.00000000 1.00000000
-0.78320497 0.29454109 -0.54757208 11.05058765 0.62176335 0.37101898 -0.68975008 -2.44737959 -0.00000016 -0.88067609 -0.47371867 -6.96960258 0.00000000 0.00000000 0.00000000 1.00000000
-0.55820900 0.43049747 -0.70927805 11.17810631 0.82970083 0.28963128 -0.47719032 -2.36910200 0.00000005 -0.85486025 -0.51885903 -6.75706911 0.00000000 0.00000000 0.00000000 1.00000000
-0.48866570 0.39024651 -0.78032911 11.17301273 0.87247109 0.21857479 -0.43705747 -2.21334553 0.00000012 -0.89438957 -0.44728881 -6.54453611 0.00000000 0.00000000 0.00000000 1.00000000
-0.54874563 0.37531614 -0.74700475 11.13624191 0.83598942 0.24635851 -0.49033579 -2.05776858 0.00000007 -0.89355767 -0.44894850 -6.33200312 0.00000000 0.00000000 0.00000000 1.00000000
-0.60070890 0.36821523 -0.70962477 11.12915516 0.79946840 0.27667114 -0.53320146 -2.11721921 0.00000001 -0.88762099 -0.46057552 -6.11946964 0.00000000 0.00000000 0.00000000 1.00000000
-0.68214655 0.33006346 -0.65248287 11.12912273 0.73121524 0.30791435 -0.60869771 -2.25788832 -0.00000010 -0.89232659 -0.45139006 -5.90693712 0.00000000 0.00000000 0.00000000 1.00000000
-0.67515683 0.32267073 -0.66336066 11.09962368 0.73767453 0.29532412 -0.60714096 -2.12188983 -0.00000011 -0.89925939 -0.43741623 -5.69440365 0.00000000 0.00000000 0.00000000 1.00000000
-0.27104563 0.47008467 -0.83997297 10.93246269 0.96256644 0.13236931 -0.23652510 -0.38189024 -0.00000021 -0.87263894 -0.48836583 -5.48187065 0.00000000 0.00000000 0.00000000 1.00000000
-0.48790947 0.69430947 -0.52903551 12.84638882 0.87289417 0.38808855 -0.29570764 -0.01947710 -0.00000001 -0.60607058 -0.79541069 -5.36790752 0.00000000 0.00000000 0.00000000 1.00000000
-0.92115778 0.26399419 -0.28596509 13.50236225 0.38919014 0.62483633 -0.67683882 -0.80538160 -0.00000009 -0.73476988 -0.67831689 -5.05680418 0.00000000 0.00000000 0.00000000 1.00000000
-0.99355972 0.07805460 -0.08213592 14.13925266 0.11330856 0.68443084 -0.72021914 -0.55197263 -0.00000007 -0.72488749 -0.68886709 -4.84427118 0.00000000 0.00000000 0.00000000 1.00000000
-0.96825862 0.16332157 -0.18921447 13.96530914 0.24995209 0.63267088 -0.73297453 -0.20076171 -0.00000003 -0.75700319 -0.65341175 -4.63173819 0.00000000 0.00000000 0.00000000 1.00000000
-0.95066613 0.16473061 -0.26286569 13.74881458 0.31021693 0.50481993 -0.80555725 -0.14884615 -0.00000006 -0.84736109 -0.53101760 -4.41920471 0.00000000 0.00000000 0.00000000 1.00000000
-0.95903516 0.12649758 -0.25347731 13.58685112 0.28328851 0.42824003 -0.85811323 0.03491320 -0.00000006 -0.89476764 -0.44653279 -4.20667171 0.00000000 0.00000000 0.00000000 1.00000000
-0.97770345 0.07237040 -0.19712612 13.67815113 0.20999090 0.33695117 -0.91780597 0.23810768 -0.00000009 -0.93873668 -0.34463552 -3.99413824 0.00000000 0.00000000 0.00000000 1.00000000
-0.99267322 0.03023469 -0.11698533 13.85663128 0.12082923 0.24839263 -0.96109378 0.44151637 -0.00000009 -0.96818739 -0.25022584 -3.78173947 0.00000000 0.00000000 0.00000000 1.00000000
-0.99941438 0.00540124 -0.03378503 14.04082489 0.03421406 0.15777132 -0.98688269 0.64816034 -0.00000008 -0.98746085 -0.15786359 -3.57205963 0.00000000 0.00000000 0.00000000 1.00000000
-0.99935591 0.00289173 -0.03577341 14.20902252 0.03589009 0.08051740 -0.99610692 0.86718261 -0.00000009 -0.99674910 -0.08056945 -3.38058782 0.00000000 0.00000000 0.00000000 1.00000000
-0.99977791 0.00061431 -0.02107741 14.33022308 0.02108636 0.02912198 -0.99935353 1.12257564 -0.00000009 -0.99957579 -0.02912870 -3.24261808 0.00000000 0.00000000 0.00000000 1.00000000
-0.99998623 0.00003173 -0.00527220 14.38593483 0.00527230 0.00600088 -0.99996817 1.42864823 -0.00000009 -0.99998206 -0.00600110 -3.17919779 0.00000000 0.00000000 0.00000000 1.00000000
-0.99994159 0.00000553 -0.01083500 14.37021446 0.01083500 0.00050182 -0.99994129 1.75544655 -0.00000009 -1.00000000 -0.00050211 -3.16390896 0.00000000 0.00000000 0.00000000 1.00000000
-0.99764729 0.00000007 -0.06855667 14.17958260 0.06855667 -0.00000030 -0.99764729 2.04152560 -0.00000009 -1.00000000 0.00000021 -3.16250014 0.00000000 0.00000000 0.00000000 1.00000000
-0.99984837 0.00000008 -0.01742606 14.15383530 0.01742606 -0.00000053 -0.99984825 2.45286131 -0.00000009 -1.00000012 0.00000031 -3.16250014 0.00000000 0.00000000 0.00000000 1.00000000
-0.99999064 0.00000009 -0.00432836 14.14613724 0.00432836 -0.00000027 -0.99999064 2.81995440 -0.00000009 -1.00000000 0.00000024 -3.16250062 0.00000000 0.00000000 0.00000000 1.00000000
-0.99998242 0.00000009 -0.00593320 14.12847614 0.00593320 -0.00000017 -0.99998242 3.20851016 -0.00000009 -1.00000000 0.00000017 -3.16250086 0.00000000 0.00000000 0.00000000 1.00000000
-0.99767816 0.00000008 0.06810966 14.30585480 -0.06810966 -0.00000015 -0.99767798 3.56346679 -0.00000008 -1.00000012 -0.00000015 -3.16250110 0.00000000 0.00000000 0.00000000 1.00000000
-0.99930322 0.00000010 0.03732670 14.38819599 -0.03732670 -0.00000013 -0.99930316 3.87127304 -0.00000009 -1.00000000 0.00000003 -3.16250110 0.00000000 0.00000000 0.00000000 1.00000000
-0.99998140 0.00000009 0.00613536 14.40060329 -0.00613536 -0.00000010 -0.99998128 4.21078682 -0.00000009 -1.00000012 -0.00000010 -3.16250110 0.00000000 0.00000000 0.00000000 1.00000000
-0.99999994 0.00000009 -0.00000000 14.40060329 -0.00000000 -0.00000013 -0.99999994 4.55997276 -0.00000009 -0.99999994 0.00000020 -3.16250110 0.00000000 0.00000000 0.00000000 1.00000000
-0.99996084 0.00000009 -0.00885048 14.37576580 0.00885048 0.00000001 -0.99996084 4.89641428 -0.00000009 -1.00000000 0.00000001 -3.16250110 0.00000000 0.00000000 0.00000000 1.00000000
-0.99801278 0.00000008 -0.06301906 14.20131397 0.06301906 -0.00000023 -0.99801254 5.17702675 -0.00000008 -1.00000024 -0.00000023 -3.16250134 0.00000000 0.00000000 0.00000000 1.00000000
-0.99908495 0.00000009 -0.04277075 14.15814781 0.04277075 -0.00000002 -0.99908495 5.59478664 -0.00000009 -1.00000000 -0.00000002 -3.16250134 0.00000000 0.00000000 0.00000000 1.00000000
-0.99997449 0.00000009 -0.00719112 14.14479542 0.00719112 -0.00000008 -0.99997431 5.95896339 -0.00000009 -1.00000012 -0.00000025 -3.16250134 0.00000000 0.00000000 0.00000000 1.00000000
-0.99994969 0.00000009 -0.01003196 14.11688519 0.01003196 -0.00000001 -0.99994969 6.33151484 -0.00000009 -1.00000000 -0.00000001 -3.16250134 0.00000000 0.00000000 0.00000000 1.00000000
-0.99900573 0.00000009 0.04458135 14.28209496 -0.04458135 -0.00000015 -0.99900573 6.71178913 -0.00000008 -1.00000000 0.00000019 -3.16250134 0.00000000 0.00000000 0.00000000 1.00000000
-0.99893427 0.00000009 0.04615716 14.38339233 -0.04615716 -0.00000020 -0.99893421 7.01594448 -0.00000009 -1.00000000 0.00000013 -3.16250134 0.00000000 0.00000000 0.00000000 1.00000000
-0.99996471 0.00000009 0.00840665 14.40060329 -0.00840665 -0.00000027 -0.99996465 7.35346222 -0.00000009 -1.00000000 0.00000024 -3.16250134 0.00000000 0.00000000 0.00000000 1.00000000
-1.00000024 0.00000009 0.00000000 14.40060329 -0.00000000 -0.00000013 -1.00000012 7.70264816 -0.00000009 -1.00000012 -0.00000013 -3.16250134 0.00000000 0.00000000 0.00000000 1.00000000
-0.99997854 0.00000009 -0.00660156 14.38208199 0.00660156 -0.00000024 -0.99997836 8.03979111 -0.00000009 -1.00000012 -0.00000007 -3.16250134 0.00000000 0.00000000 0.00000000 1.00000000
-0.99921948 0.00000008 -0.03950556 14.27582550 0.03950556 -0.00000022 -0.99921942 8.34362793 -0.00000009 -1.00000000 0.00000012 -3.16250134 0.00000000 0.00000000 0.00000000 1.00000000
-0.99869949 0.00000006 -0.05098783 14.16474152 0.05098783 -0.00000036 -0.99869937 8.73260403 -0.00000007 -1.00000012 0.00000014 -3.16250134 0.00000000 0.00000000 0.00000000 1.00000000
-0.99998271 0.00000009 0.00592371 14.14464188 -0.00592371 -0.00000014 -0.99998260 9.09820175 -0.00000009 -1.00000012 -0.00000014 -3.16250157 0.00000000 0.00000000 0.00000000 1.00000000
-0.99998879 0.00000009 0.00478371 14.15939426 -0.00478371 -0.00000012 -0.99998868 9.46133995 -0.00000009 -1.00000012 -0.00000012 -3.16250181 0.00000000 0.00000000 0.00000000 1.00000000
-0.99936086 0.00000010 0.03575069 14.25210285 -0.03575069 -0.00000015 -0.99936080 9.85731411 -0.00000009 -1.00000012 0.00000002 -3.16250181 0.00000000 0.00000000 0.00000000 1.00000000
-0.99761343 0.00000660 0.06904769 14.37701130 -0.06904769 -0.00009411 -0.99761343 10.15971184 -0.00000009 -1.00000000 0.00009425 -3.16250181 0.00000000 0.00000000 0.00000000 1.00000000
-0.99992692 0.00001710 0.01209243 14.40060329 -0.01209244 -0.00140671 -0.99992591 10.49613762 -0.00000009 -0.99999905 0.00140679 -3.16250181 0.00000000 0.00000000 0.00000000 1.00000000
-0.99994421 0.00009116 0.01058742 14.40060329 -0.01058781 -0.00860135 -0.99990708 10.84532452 -0.00000009 -0.99996310 0.00860158 -3.16250181 0.00000000 0.00000000 0.00000000 1.00000000
-0.99944448 0.00096286 0.03331663 14.38815594 -0.03333054 -0.02886974 -0.99902737 11.18481636 -0.00000008 -0.99958277 0.02888571 -3.16250181 0.00000000 0.00000000 0.00000000 1.00000000
-0.99831134 0.00347364 0.05798921 14.30564976 -0.05809315 -0.05969192 -0.99652511 11.49257565 -0.00000009 -0.99821091 0.05979274 -3.16250181 0.00000000 0.00000000 0.00000000 1.00000000
-0.99670005 0.00693261 0.08087562 14.12835407 -0.08117221 -0.08512320 -0.99305844 11.84775162 -0.00000009 -0.99634629 0.08540505 -3.16250181 0.00000000 0.00000000 0.00000000 1.00000000
-0.97382313 0.02033760 0.22639619 14.14612007 -0.22730784 -0.08712918 -0.96991742 12.23618412 -0.00000009 -0.99598950 0.08947115 -3.16250181 0.00000000 0.00000000 0.00000000 1.00000000
-0.90880162 0.02935000 0.41619489 14.15387058 -0.41722846 -0.06392961 -0.90655029 12.60326004 -0.00000008 -0.99752271 0.07034499 -3.16250181 0.00000000 0.00000000 0.00000000 1.00000000
-0.75819254 0.02460442 0.65156657 14.17942333 -0.65203100 -0.02861035 -0.75765246 13.01449776 -0.00000010 -0.99928784 0.03773484 -3.16277170 0.00000000 0.00000000 0.00000000 1.00000000
-0.52590251 -0.00363615 0.85053724 14.36670303 -0.85054499 0.00224824 -0.52589762 13.29935837 -0.00000004 -0.99999094 -0.00427520 -3.16644526 0.00000000 0.00000000 0.00000000 1.00000000
-0.33591527 -0.04390899 0.94086826 14.37117481 -0.94189227 0.01565953 -0.33555001 13.62463760 0.00000007 -0.99891281 -0.04661786 -3.18641043 0.00000000 0.00000000 0.00000000 1.00000000
-0.18391693 -0.09538683 0.97830266 14.29643536 -0.98294187 0.01784754 -0.18304884 13.93513489 0.00000010 -0.99528033 -0.09704224 -3.24202394 0.00000000 0.00000000 0.00000000 1.00000000
-0.08557400 -0.14990999 0.98498940 14.14849281 -0.99633187 0.01287569 -0.08459976 14.19326496 -0.00000011 -0.98861587 -0.15046196 -3.32454705 0.00000000 0.00000000 0.00000000 1.00000000
-0.03377473 -0.19076759 0.98105401 13.92322731 -0.99942946 0.00644683 -0.03315376 14.36646938 -0.00000001 -0.98161405 -0.19087647 -3.37911677 0.00000000 0.00000000 0.00000000 1.00000000
-0.00763302 -0.20499402 0.97873348 13.63094234 -0.99997085 0.00156473 -0.00747091 14.44328785 0.00000003 -0.97876197 -0.20500000 -3.36609888 0.00000000 0.00000000 0.00000000 1.00000000
-0.00340754 -0.19557063 0.98068368 13.30396271 -0.99999416 0.00066642 -0.00334177 14.45451832 0.00000003 -0.98068935 -0.19557174 -3.30615258 0.00000000 0.00000000 0.00000000 1.00000000
-0.01847466 -0.17186105 0.98494816 12.97365570 -0.99982953 0.00317556 -0.01819946 14.41658401 -0.00000018 -0.98511630 -0.17189060 -3.23260260 0.00000000 0.00000000 0.00000000 1.00000000
-0.03410463 -0.14413001 0.98897088 12.62290192 -0.99941826 0.00491855 -0.03374814 14.37757206 -0.00000015 -0.98954648 -0.14421387 -3.15768051 0.00000000 0.00000000 0.00000000 1.00000000
-0.03676908 -0.11483429 0.99270403 12.27920151 -0.99932384 0.00422515 -0.03652545 14.37071609 -0.00000001 -0.99337572 -0.11491205 -3.08275843 0.00000000 0.00000000 0.00000000 1.00000000
-0.03428940 -0.08530719 0.99576443 11.93621254 -0.99941188 0.00292708 -0.03416431 14.37675285 -0.00000016 -0.99635035 -0.08535732 -3.00790310 0.00000000 0.00000000 0.00000000 1.00000000
-0.01997137 -0.05614533 0.99822307 11.59292793 -0.99980074 0.00112136 -0.01993965 14.41275978 -0.00000005 -0.99842221 -0.05615674 -2.93417239 0.00000000 0.00000000 0.00000000 1.00000000
-0.00304462 -0.02914574 0.99957073 11.29253387 -0.99999553 0.00008866 -0.00304315 14.45537090 -0.00000009 -0.99957532 -0.02914604 -2.86728215 0.00000000 0.00000000 0.00000000 1.00000000
-0.00000011 -0.01026378 0.99994731 11.02121925 -1.00000000 0.00000001 -0.00000012 14.46320820 0.00000000 -0.99994731 -0.01026378 -2.81948137 0.00000000 0.00000000 0.00000000 1.00000000
-0.00000005 -0.00194350 0.99999809 10.75373459 -0.99999994 0.00000007 -0.00000009 14.46320820 -0.00000003 -0.99999809 -0.00194346 -2.79757643 0.00000000 0.00000000 0.00000000 1.00000000
0.00000005 0.00020689 0.99999994 10.45037556 -0.99999994 0.00000017 -0.00000000 14.46320820 -0.00000012 -0.99999994 0.00020694 -2.79224682 0.00000000 0.00000000 0.00000000 1.00000000
-0.00000007 0.00254342 0.99999684 10.11337376 -1.00000012 -0.00000001 0.00000003 14.46320820 -0.00000009 -0.99999684 0.00254332 -2.79173589 0.00000000 0.00000000 0.00000000 1.00000000
0.00250529 0.01138407 0.99993217 9.76540470 -0.99999696 0.00002845 0.00250521 14.46320820 -0.00000001 -0.99993527 0.01138402 -2.79176998 0.00000000 0.00000000 0.00000000 1.00000000
0.01676451 0.03042588 0.99939650 9.41634750 -0.99985957 0.00051004 0.01675683 14.46320820 0.00000003 -0.99953699 0.03043008 -2.79189920 0.00000000 0.00000000 0.00000000 1.00000000
0.03086172 0.05611765 0.99794710 9.06735420 -0.99952370 0.00173264 0.03081309 14.46320820 0.00000003 -0.99842268 0.05614435 -2.79209256 0.00000000 0.00000000 0.00000000 1.00000000
0.03341617 0.08399127 0.99590617 8.71829700 -0.99944162 0.00280812 0.03329808 14.46320820 -0.00000000 -0.99646264 0.08403808 -2.79222178 0.00000000 0.00000000 0.00000000 1.00000000
0.03147922 0.11208849 0.99319941 8.36914921 -0.99950433 0.00353029 0.03128056 14.46320820 -0.00000000 -0.99369186 0.11214416 -2.79225969 0.00000000 0.00000000 0.00000000 1.00000000
0.01906852 0.13979523 0.98999685 8.01996708 -0.99981827 0.00266617 0.01888126 14.46320820 -0.00000005 -0.99017692 0.13982059 -2.79226351 0.00000000 0.00000000 0.00000000 1.00000000
0.00328543 0.16790751 0.98579729 7.67084885 -0.99999458 0.00055178 0.00323875 14.46320820 -0.00000011 -0.98580259 0.16790843 -2.79282165 0.00000000 0.00000000 0.00000000 1.00000000
0.00348273 0.19157922 0.98147094 7.32238722 -0.99999392 0.00066745 0.00341817 14.46320820 -0.00000023 -0.98147690 0.19158040 -2.79883456 0.00000000 0.00000000 0.00000000 1.00000000
0.01749754 0.19974014 0.97969276 6.97888613 -0.99984699 0.00349537 0.01714495 14.45622730 0.00000003 -0.97984278 0.19977061 -2.82349396 0.00000000 0.00000000 0.00000000 1.00000000
0.05012746 0.17924102 0.98252732 6.64595747 -0.99874288 0.00899628 0.04931361 14.41675758 -0.00000011 -0.98376411 0.17946661 -2.87625313 0.00000000 0.00000000 0.00000000 1.00000000
0.12634601 0.13283758 0.98305190 6.29501152 -0.99198627 0.01691919 0.12520811 14.37760830 -0.00000017 -0.99099350 0.13391066 -2.94806457 0.00000000 0.00000000 0.00000000 1.00000000
0.26005241 0.07675573 0.96253896 5.95193338 -0.96559447 0.02067192 0.25922945 14.37071514 -0.00000016 -0.99683559 0.07949071 -3.02565765 0.00000000 0.00000000 0.00000000 1.00000000
0.43609321 0.02912245 0.89943016 5.60904551 -0.89990151 0.01411298 0.43586478 14.37627983 -0.00000016 -0.99947619 0.03236192 -3.10390806 0.00000000 0.00000000 0.00000000 1.00000000
0.65251219 -0.00751530 0.75774103 5.25925255 -0.75777829 -0.00647141 0.65248030 14.41055584 -0.00000006 -0.99995100 -0.00991766 -3.18216872 0.00000000 0.00000000 0.00000000 1.00000000
0.87136233 -0.02498726 0.49000347 4.92889547 -0.49064013 -0.04437652 0.87023169 14.45419979 -0.00000012 -0.99870247 -0.05092780 -3.25985146 0.00000000 0.00000000 0.00000000 1.00000000
0.95587742 -0.02304834 0.29286033 4.59692049 -0.29376587 -0.07499623 0.95293099 14.45371628 -0.00000009 -0.99691755 -0.07845803 -3.33083820 0.00000000 0.00000000 0.00000000 1.00000000
0.99042219 -0.01209039 0.13754167 4.28596687 -0.13807204 -0.08672650 0.98661786 14.40910053 -0.00000009 -0.99615890 -0.08756520 -3.37261152 0.00000000 0.00000000 0.00000000 1.00000000
0.99901921 -0.00317148 0.04416534 4.02939701 -0.04427906 -0.07155288 0.99645358 14.28543091 -0.00000008 -0.99743187 -0.07162313 -3.35418916 0.00000000 0.00000000 0.00000000 1.00000000
0.99889356 -0.00204822 0.04698312 3.84854460 -0.04702774 -0.04350324 0.99794579 14.06600952 -0.00000009 -0.99905115 -0.04355143 -3.28132081 0.00000000 0.00000000 0.00000000 1.00000000
0.99982029 -0.00031135 0.01895385 3.74444723 -0.01895641 -0.01641724 0.99968559 13.77619839 -0.00000009 -0.99986529 -0.01642019 -3.20796156 0.00000000 0.00000000 0.00000000 1.00000000
0.99995029 -0.00003347 0.00997359 3.71991467 -0.00997365 -0.00334733 0.99994475 13.46080494 -0.00000009 -0.99999446 -0.00334750 -3.17187977 0.00000000 0.00000000 0.00000000 1.00000000
0.99930727 -0.00001020 0.03721522 3.81566262 -0.03721523 -0.00027155 0.99930733 13.16750050 -0.00000009 -1.00000012 -0.00027174 -3.16327477 0.00000000 0.00000000 0.00000000 1.00000000
0.99797404 -0.00000009 0.06362281 3.99224114 -0.06362281 -0.00000000 0.99797404 12.79072952 -0.00000009 -1.00000000 -0.00000001 -3.16250181 0.00000000 0.00000000 0.00000000 1.00000000
0.99996167 -0.00000009 -0.00875526 3.96857071 0.00875526 -0.00000008 0.99996173 12.40914440 -0.00000009 -1.00000012 -0.00000008 -3.16250181 0.00000000 0.00000000 0.00000000 1.00000000
0.99998957 -0.00000009 -0.00457080 3.95593977 0.00457080 -0.00000030 0.99998969 12.04174042 -0.00000009 -1.00000012 -0.00000030 -3.16250181 0.00000000 0.00000000 0.00000000 1.00000000
0.99986601 -0.00000009 -0.01637052 3.91119552 0.01637052 -0.00000004 0.99986595 11.61858177 -0.00000009 -0.99999994 -0.00000004 -3.16250181 0.00000000 0.00000000 0.00000000 1.00000000
0.99781853 -0.00000006 -0.06601664 3.72036314 0.06601664 -0.00000041 0.99781859 11.34336853 -0.00000008 -1.00000012 -0.00000041 -3.16250181 0.00000000 0.00000000 0.00000000 1.00000000
0.99994969 -0.00000009 -0.01003317 3.69197226 0.01003317 -0.00000018 0.99994969 11.00850391 -0.00000009 -1.00000000 -0.00000018 -3.16250181 0.00000000 0.00000000 0.00000000 1.00000000
1.00000000 -0.00000009 0.00000000 3.69197226 -0.00000000 -0.00000013 1.00000012 10.65931892 -0.00000009 -1.00000012 -0.00000013 -3.16250181 0.00000000 0.00000000 0.00000000 1.00000000
0.99997997 -0.00000009 0.00632947 3.70973635 -0.00632947 -0.00000020 0.99998009 10.32315636 -0.00000009 -1.00000012 -0.00000020 -3.16250181 0.00000000 0.00000000 0.00000000 1.00000000
0.99914759 -0.00000010 0.04128012 3.81594777 -0.04128012 -0.00000018 0.99914765 10.02542877 -0.00000009 -1.00000000 -0.00000019 -3.16250181 0.00000000 0.00000000 0.00000000 1.00000000
0.99640226 -0.00000008 0.08474950 3.99275494 -0.08474950 0.00000004 0.99640226 9.64699936 -0.00000008 -0.99999994 0.00000004 -3.16250157 0.00000000 0.00000000 0.00000000 1.00000000
0.99997687 -0.00000009 0.00679675 3.96862602 -0.00679675 -0.00000005 0.99997687 9.26627064 -0.00000009 -0.99999994 -0.00000005 -3.16250134 0.00000000 0.00000000 0.00000000 1.00000000
0.99999702 -0.00000009 -0.00243806 3.95572186 0.00243806 -0.00000010 0.99999702 8.89903641 -0.00000009 -1.00000000 -0.00000010 -3.16250134 0.00000000 0.00000000 0.00000000 1.00000000
0.99979353 -0.00000008 -0.02031937 3.91009736 0.02031937 -0.00000019 0.99979365 8.47560215 -0.00000009 -1.00000012 -0.00000019 -3.16250134 0.00000000 0.00000000 0.00000000 1.00000000
0.99622560 -0.00000008 -0.08680210 3.72014523 0.08680210 -0.00000023 0.99622571 8.20066357 -0.00000009 -1.00000012 -0.00000022 -3.16250134 0.00000000 0.00000000 0.00000000 1.00000000
0.99955982 -0.00000009 -0.02966733 3.69197226 0.02966733 -0.00000006 0.99955988 7.86582804 -0.00000009 -1.00000000 -0.00000006 -3.16250134 0.00000000 0.00000000 0.00000000 1.00000000
0.99999362 -0.00000009 -0.00357298 3.69197226 0.00357298 0.00000005 0.99999356 7.51664257 -0.00000009 -0.99999994 0.00000005 -3.16250134 0.00000000 0.00000000 0.00000000 1.00000000
0.99999762 -0.00000009 0.00219601 3.69812012 -0.00219601 -0.00000016 0.99999774 7.17351866 -0.00000009 -1.00000012 -0.00000016 -3.16250134 0.00000000 0.00000000 0.00000000 1.00000000
0.99974817 -0.00000009 0.02244117 3.75558114 -0.02244117 -0.00000012 0.99974829 6.85854006 -0.00000009 -1.00000012 -0.00000012 -3.16250134 0.00000000 0.00000000 0.00000000 1.00000000
0.99684876 -0.00000010 0.07932550 3.95014119 -0.07932550 -0.00000024 0.99684894 6.54667521 -0.00000009 -1.00000012 -0.00000025 -3.16250134 0.00000000 0.00000000 0.00000000 1.00000000
0.99989659 -0.00000009 0.01438291 3.96246839 -0.01438291 -0.00000010 0.99989659 6.13187361 -0.00000009 -1.00000000 -0.00000010 -3.16250134 0.00000000 0.00000000 0.00000000 1.00000000
0.99999690 -0.00000009 0.00249796 3.96526694 -0.00249796 -0.00000001 0.99999690 5.76103926 -0.00000009 -1.00000000 -0.00000001 -3.16250134 0.00000000 0.00000000 0.00000000 1.00000000
1.00000000 -0.00000009 0.00011924 3.96807194 -0.00011924 -0.00000014 0.99999994 5.35521460 -0.00000009 -0.99999994 -0.00000014 -3.16250134 0.00000000 0.00000000 0.00000000 1.00000000
0.99720454 -0.00000008 -0.07471987 3.77641892 0.07471987 -0.00000025 0.99720472 5.02062750 -0.00000009 -1.00000012 -0.00000024 -3.16250134 0.00000000 0.00000000 0.00000000 1.00000000
0.99938059 0.00000121 -0.03519067 3.70198560 0.03519067 -0.00003689 0.99938071 4.71414375 -0.00000009 -1.00000012 -0.00003691 -3.16250110 0.00000000 0.00000000 0.00000000 1.00000000
0.99997306 0.00000351 -0.00733831 3.69197226 0.00733831 -0.00049024 0.99997306 4.37396622 -0.00000009 -0.99999994 -0.00049026 -3.16250110 0.00000000 0.00000000 0.00000000 1.00000000
0.99993688 0.00003125 -0.01123578 3.69197226 0.01123583 -0.00278907 0.99993306 4.02478027 -0.00000009 -0.99999619 -0.00278924 -3.16250110 0.00000000 0.00000000 0.00000000 1.00000000
0.99965274 0.00025861 -0.02635031 3.72277069 0.02635157 -0.00981361 0.99960458 3.68940926 -0.00000009 -0.99995184 -0.00981702 -3.16250110 0.00000000 0.00000000 0.00000000 1.00000000
0.99981129 -0.00050176 0.01941848 3.92332101 -0.01942496 -0.02582121 0.99947786 3.41035724 -0.00000009 -0.99966645 -0.02582609 -3.16250110 0.00000000 0.00000000 0.00000000 1.00000000
0.99896848 0.00308486 -0.04530427 3.95834756 0.04540918 -0.06786658 0.99666053 2.99103642 -0.00000008 -0.99768972 -0.06793665 -3.16250110 0.00000000 0.00000000 0.00000000 1.00000000
0.93914741 0.07412655 -0.33542123 3.96774602 0.34351441 -0.20265774 0.91702121 2.62197256 -0.00000006 -0.97644013 -0.21578903 -3.16250110 0.00000000 0.00000000 0.00000000 1.00000000
-0.64255482 0.27557179 -0.71497095 3.98543859 0.76623970 0.23108943 -0.59956181 2.23107004 -0.00000011 -0.93309051 -0.35964167 -3.16250086 0.00000000 0.00000000 0.00000000 1.00000000
-0.83852363 0.08607449 -0.53802365 3.80211496 0.54486537 0.13246462 -0.82799453 1.87056792 -0.00000008 -0.98744333 -0.15797378 -3.16239595 0.00000000 0.00000000 0.00000000 1.00000000
-0.88002539 0.05659247 -0.47154352 3.71235180 0.47492737 0.10486375 -0.87375510 1.59689605 -0.00000005 -0.99287522 -0.11916039 -3.16113973 0.00000000 0.00000000 0.00000000 1.00000000
-0.90918094 0.04280594 -0.41419595 3.72164321 0.41640201 0.09346317 -0.90436405 1.38420212 -0.00000001 -0.99470228 -0.10279970 -3.15513611 0.00000000 0.00000000 0.00000000 1.00000000
-0.92209411 0.03699469 -0.38519365 3.78423882 0.38696608 0.08815351 -0.91787058 1.35760236 -0.00000013 -0.99541974 -0.09560167 -3.13960075 0.00000000 0.00000000 0.00000000 1.00000000
-0.92620933 0.03512376 -0.37537053 3.88693738 0.37701023 0.08628892 -0.92218095 1.53767562 -0.00000010 -0.99565095 -0.09316385 -3.11411190 0.00000000 0.00000000 0.00000000 1.00000000
-0.92704326 0.03474335 -0.37334147 4.01117945 0.37495461 0.08589991 -0.92305487 1.82877398 -0.00000001 -0.99569780 -0.09266017 -3.08327627 0.00000000 0.00000000 0.00000000 1.00000000
-0.92747796 0.03525437 -0.37221265 4.14096022 0.37387851 0.08745490 -0.92334539 2.14841557 -0.00000010 -0.99554455 -0.09429355 -3.05106592 0.00000000 0.00000000 0.00000000 1.00000000
-0.93179262 0.03813890 -0.36098182 4.27126551 0.36299098 0.09790179 -0.92663521 2.47075939 -0.00000009 -0.99446499 -0.10506822 -3.01872540 0.00000000 0.00000000 0.00000000 1.00000000
-0.94553936 0.03953162 -0.32309890 4.40157032 0.32550827 0.11483141 -0.93854046 2.79310322 -0.00000010 -0.99259818 -0.12144560 -2.98638463 0.00000000 0.00000000 0.00000000 1.00000000
-0.96418536 0.01641713 -0.26472089 4.53187561 0.26522946 0.05968068 -0.96233654 3.11544752 -0.00000007 -0.99808252 -0.06189761 -2.95404410 0.00000000 0.00000000 0.00000000 1.00000000
-0.89672327 0.03562583 -0.44115579 4.66218090 0.44259194 0.07218018 -0.89381349 3.43779135 -0.00000011 -0.99675518 -0.08049347 -2.92170334 0.00000000 0.00000000 0.00000000 1.00000000
-0.95666629 0.02128043 -0.29040903 4.79248619 0.29118764 0.06991414 -0.95410800 3.76013565 -0.00000008 -0.99732614 -0.07308139 -2.88936305 0.00000000 0.00000000 0.00000000 1.00000000
-0.94643253 0.02579510 -0.32186955 4.92279100 0.32290152 0.07560587 -0.94340783 4.08247948 -0.00000008 -0.99680406 -0.07988512 -2.85702252 0.00000000 0.00000000 0.00000000 1.00000000
-0.93542457 0.03090055 -0.35217348 5.05309582 0.35352653 0.08176198 -0.93184441 4.40482330 -0.00000010 -0.99617279 -0.08740636 -2.82468176 0.00000000 0.00000000 0.00000000 1.00000000
-0.92790335 0.03367320 -0.37129685 5.16225004 0.37282068 0.08380813 -0.92411089 4.68192196 -0.00000008 -0.99591279 -0.09031988 -2.79234123 0.00000000 0.00000000 0.00000000 1.00000000
-0.92333120 0.03179028 -0.38268706 5.16016436 0.38400522 0.07643858 -0.92016160 4.75255013 -0.00000009 -0.99656749 -0.08278599 -2.76000071 0.00000000 0.00000000 0.00000000 1.00000000
-0.91126740 0.03096730 -0.41064948 5.08989239 0.41181546 0.06852438 -0.90868723 4.79254723 -0.00000006 -0.99716878 -0.07519694 -2.72766018 0.00000000 0.00000000 0.00000000 1.00000000
-0.65328407 0.13233408 -0.74545813 5.63837719 0.75711304 0.11418597 -0.64322746 7.13789940 -0.00000002 -0.98460621 -0.17478780 -2.69531965 0.00000000 0.00000000 0.00000000 1.00000000
-0.85983312 0.06474641 -0.50645387 5.63375378 0.51057577 0.10903560 -0.85289150 5.92552996 -0.00000008 -0.99192715 -0.12681063 -2.76764774 0.00000000 0.00000000 0.00000000 1.00000000
-0.77223849 0.07230096 -0.63120586 5.82060146 0.63533318 0.08788066 -0.76722163 7.13789892 0.00000002 -0.99350381 -0.11380025 -2.63063860 0.00000000 0.00000000 0.00000000 1.00000000
-0.85701787 0.05405344 -0.51244366 5.96523142 0.51528662 0.08990077 -0.85228956 7.13789892 -0.00000011 -0.99448282 -0.10489956 -2.59829783 0.00000000 0.00000000 0.00000000 1.00000000
-0.90330285 0.04159199 -0.42698258 6.09553671 0.42900354 0.08757522 -0.89904761 7.16310215 -0.00000008 -0.99528927 -0.09695005 -2.56595755 0.00000000 0.00000000 0.00000000 1.00000000
-0.92419291 0.03557902 -0.38026527 6.22584200 0.38192609 0.08609458 -0.92017400 7.32906771 -0.00000011 -0.99565148 -0.09315656 -2.53361702 0.00000000 0.00000000 0.00000000 1.00000000
-0.92711443 0.03471091 -0.37316775 6.35614777 0.37477863 0.08586641 -0.92312944 7.62826300 -0.00000007 -0.99570185 -0.09261696 -2.50127649 0.00000000 0.00000000 0.00000000 1.00000000
-0.93067759 0.03360402 -0.36429468 6.50278664 0.36584127 0.08548611 -0.92674303 7.91900682 -0.00000009 -0.99577266 -0.09185405 -2.46893597 0.00000000 0.00000000 0.00000000 1.00000000
-0.94901115 0.02791722 -0.31400484 6.74181890 0.31524339 0.08404176 -0.94528240 8.09001732 -0.00000009 -0.99607122 -0.08855756 -2.43659544 0.00000000 0.00000000 0.00000000 1.00000000
-0.96987146 0.02171127 -0.24264862 7.08506775 0.24361800 0.08643461 -0.96601218 8.36960888 -0.00000009 -0.99602103 -0.08911992 -2.40425491 0.00000000 0.00000000 0.00000000 1.00000000
-0.96921021 0.02351127 -0.24511054 7.25564575 0.24623556 0.09254266 -0.96478188 8.88217449 -0.00000004 -0.99543118 -0.09548279 -2.37191463 0.00000000 0.00000000 0.00000000 1.00000000
-0.95287472 0.02887046 -0.30198798 7.22912121 0.30336487 0.09068217 -0.94854981 9.23998356 -0.00000011 -0.99546146 -0.09516726 -2.33957386 0.00000000 0.00000000 0.00000000 1.00000000
-0.93889046 0.03228166 -0.34269920 7.23499537 0.34421629 0.08805191 -0.93475240 9.56232834 -0.00000003 -0.99559271 -0.09378302 -2.30723333 0.00000000 0.00000000 0.00000000 1.00000000
-0.92881590 0.03438101 -0.36894378 7.28195477 0.37054226 0.08618031 -0.92480898 9.88467216 -0.00000013 -0.99568629 -0.09278550 -2.27489281 0.00000000 0.00000000 0.00000000 1.00000000
-0.92711425 0.03471090 -0.37316790 7.39858818 0.37477878 0.08586638 -0.92312938 10.20701599 -0.00000008 -0.99570179 -0.09261682 -2.24255228 0.00000000 0.00000000 0.00000000 1.00000000
-0.92711443 0.03471105 -0.37316790 7.52889395 0.37477878 0.08586653 -0.92312944 10.52935982 -0.00000014 -0.99570185 -0.09261718 -2.21021175 0.00000000 0.00000000 0.00000000 1.00000000
-0.92711443 0.03471104 -0.37316802 7.65919876 0.37477893 0.08586650 -0.92312938 10.85170364 -0.00000011 -0.99570191 -0.09261721 -2.17787123 0.00000000 0.00000000 0.00000000 1.00000000
-0.92687255 0.03483562 -0.37375695 7.78950310 0.37537682 0.08601494 -0.92287266 11.17404747 -0.00000011 -0.99568474 -0.09280161 -2.14553070 0.00000000 0.00000000 0.00000000 1.00000000
-0.92416763 0.03622829 -0.38026574 7.91980839 0.38198760 0.08764902 -0.92000180 11.49639130 -0.00000014 -0.99549252 -0.09484129 -2.11319017 0.00000000 0.00000000 0.00000000 1.00000000
-0.91182816 0.04255994 -0.40836042 8.05011368 0.41057226 0.09451991 -0.90691590 11.81873608 -0.00000008 -0.99461287 -0.10365991 -2.08084965 0.00000000 0.00000000 0.00000000 1.00000000
-0.87857163 0.05938519 -0.47390479 8.18041801 0.47761109 0.10923956 -0.87175375 12.14107990 -0.00000006 -0.99224007 -0.12433799 -2.04850912 0.00000000 0.00000000 0.00000000 1.00000000
-0.81533492 0.09007580 -0.57194024 8.31072330 0.57898992 0.12684484 -0.80540746 12.46342373 -0.00000001 -0.98782432 -0.15557411 -2.01616859 0.00000000 0.00000000 0.00000000 1.00000000
-0.72010475 0.13246404 -0.68110383 8.44102859 0.69386536 0.13747324 -0.70686066 12.78576756 -0.00000007 -0.98160809 -0.19090734 -1.98382807 0.00000000 0.00000000 0.00000000 1.00000000
-0.59673005 0.18000962 -0.78199077 8.57133389 0.80244195 0.13386281 -0.58152181 13.10811043 -0.00000008 -0.97451383 -0.22432715 -1.95148754 0.00000000 0.00000000 0.00000000 1.00000000
-0.45388705 0.22465327 -0.86227477 8.70163918 0.89105940 0.11443358 -0.43922466 13.43045425 0.00000002 -0.96769625 -0.25211945 -1.91914701 0.00000000 0.00000000 0.00000000 1.00000000
-0.30817679 0.26062825 -0.91493195 8.83312225 0.95132935 0.08442857 -0.29638591 13.75092983 0.00000001 -0.96174061 -0.27396241 -1.88640702 0.00000000 0.00000000 0.00000000 1.00000000
-0.18089849 0.29104978 -0.93944967 8.97640228 0.98350173 0.05353364 -0.17279591 14.05267811 -0.00000008 -0.95520896 -0.29593208 -1.84966838 0.00000000 0.00000000 0.00000000 1.00000000
-0.08680701 0.32911828 -0.94029033 9.16178036 0.99622524 0.02867780 -0.08193300 14.28760433 -0.00000010 -0.94385326 -0.33036545 -1.79865932 0.00000000 0.00000000 0.00000000 1.00000000
-0.03109759 0.39763135 -0.91701806 9.41579819 0.99951631 0.01237142 -0.02853090 14.41357708 -0.00000000 -0.91746181 -0.39782372 -1.72438371 0.00000000 0.00000000 0.00000000 1.00000000
-0.00808556 0.55662388 -0.83072543 9.72397900 0.99996746 0.00450049 -0.00671704 14.45357323 -0.00000009 -0.83075255 -0.55664217 -1.63174748 0.00000000 0.00000000 0.00000000 1.00000000
-0.02118129 0.96537447 -0.26000726 10.05368233 0.99977577 0.02045219 -0.00550857 14.45940590 -0.00000009 -0.26006559 -0.96559119 -1.53181565 0.00000000 0.00000000 0.00000000 1.00000000
-0.00893072 -0.50435096 0.86345273 10.38750935 -0.99996024 0.00450413 -0.00771150 14.45869637 0.00000009 -0.86348712 -0.50437123 -1.43048668 0.00000000 0.00000000 0.00000000 1.00000000
-0.00651215 -0.18154629 0.98336089 10.71795940 -0.99997884 0.00118224 -0.00640387 14.45752525 -0.00000002 -0.98338175 -0.18155019 -1.32959807 0.00000000 0.00000000 0.00000000 1.00000000
-0.00582648 -0.07112652 0.99745035 11.01125431 -0.99998307 0.00041447 -0.00581165 14.45652103 -0.00000011 -0.99746728 -0.07112779 -1.23419893 0.00000000 0.00000000 0.00000000 1.00000000
-0.00554503 -0.02469958 0.99967963 11.16982460 -0.99998474 0.00013694 -0.00554322 14.45612144 -0.00000009 -0.99969500 -0.02470007 -1.15872765 0.00000000 0.00000000 0.00000000 1.00000000
-0.00543502 -0.00641306 0.99996489 11.10279655 -0.99998546 0.00003469 -0.00543471 14.45673656 -0.00000004 -0.99997962 -0.00641336 -1.11669481 0.00000000 0.00000000 0.00000000 1.00000000
-0.00540259 -0.00101640 0.99998504 10.84967232 -0.99998552 0.00000532 -0.00540245 14.45818901 0.00000003 -0.99999964 -0.00101655 -1.10233593 0.00000000 0.00000000 0.00000000 1.00000000
-0.00523201 0.00002888 0.99998641 10.51798534 -0.99998641 -0.00000012 -0.00523193 14.45999336 -0.00000011 -1.00000012 0.00002880 -1.09970963 0.00000000 0.00000000 0.00000000 1.00000000
-0.00288356 0.00149253 0.99999481 10.17008877 -0.99999595 -0.00000425 -0.00288346 14.46187210 -0.00000016 -0.99999899 0.00149243 -1.09951603 0.00000000 0.00000000 0.00000000 1.00000000
0.01073047 0.00954483 0.99989682 9.82090759 -0.99994242 0.00010258 0.01072995 14.46375656 -0.00000013 -0.99995440 0.00954541 -1.09951603 0.00000000 0.00000000 0.00000000 1.00000000
0.05385251 0.03491208 0.99793857 9.47172737 -0.99854904 0.00188280 0.05381974 14.46564102 -0.00000012 -0.99938875 0.03496266 -1.09951603 0.00000000 0.00000000 0.00000000 1.00000000
0.14024717 0.08469039 0.98648787 9.12254620 -0.99011654 0.01199622 0.13973318 14.46752548 -0.00000008 -0.99633509 0.08553578 -1.09951603 0.00000000 0.00000000 0.00000000 1.00000000
0.26020241 0.15093748 0.95368379 8.77336502 -0.96555418 0.04067546 0.25700361 14.46940994 -0.00000017 -0.98770624 0.15632206 -1.09951603 0.00000000 0.00000000 0.00000000 1.00000000
0.37208530 0.22081275 0.90155113 8.42418385 -0.92819864 0.08851691 0.36140323 14.47129440 -0.00000017 -0.97129124 0.23789385 -1.09951603 0.00000000 0.00000000 0.00000000 1.00000000
0.42686668 0.30060115 0.85289150 8.07500267 -0.90431464 0.14189395 0.40259326 14.47317886 -0.00000022 -0.94313586 0.33240774 -1.09951603 0.00000000 0.00000000 0.00000000 1.00000000
0.47650683 0.38406694 0.79084378 7.72620058 -0.87917078 0.20816270 0.42863393 14.47459984 -0.00000005 -0.89953369 0.43685135 -1.09978998 0.00000000 0.00000000 0.00000000 1.00000000
0.53263205 0.46019253 0.71030003 7.38240528 -0.84634703 0.28961322 0.44701371 14.46990967 -0.00000008 -0.83925408 0.54373968 -1.10367644 0.00000000 0.00000000 0.00000000 1.00000000
0.81875032 0.29121473 0.49481496 7.06396198 -0.57414967 0.41527897 0.70561707 14.43417168 -0.00000013 -0.86182207 0.50721067 -1.12583470 0.00000000 0.00000000 0.00000000 1.00000000
0.91792905 0.17794472 0.35460120 6.80780888 -0.39674467 0.41170233 0.82042372 14.32197380 -0.00000015 -0.89377689 0.44851211 -1.19284642 0.00000000 0.00000000 0.00000000 1.00000000
0.95211768 0.11980247 0.28128159 6.62926102 -0.30573186 0.37309191 0.87597412 14.11435890 -0.00000007 -0.92002720 0.39185482 -1.31570220 0.00000000 0.00000000 0.00000000 1.00000000
0.94467026 0.13869652 0.29725644 6.49815369 -0.32802150 0.39943272 0.85606974 13.85627460 -0.00000005 -0.90621012 0.42282766 -1.47245526 0.00000000 0.00000000 0.00000000 1.00000000
0.93623477 0.15632993 0.31468296 6.38102341 -0.35137501 0.41653943 0.83846915 13.65225601 -0.00000004 -0.89557570 0.44490916 -1.63864875 0.00000000 0.00000000 0.00000000 1.00000000
0.94161481 0.14567877 0.30354452 6.26286697 -0.33669212 0.40741479 0.84891206 13.61779022 -0.00000009 -0.90154922 0.43267670 -1.80578184 0.00000000 0.00000000 0.00000000 1.00000000
0.95119452 0.12448443 0.28236958 6.14555931 -0.30859190 0.38370743 0.87036753 13.61789894 -0.00000010 -0.91502583 0.40339530 -1.97291493 0.00000000 0.00000000 0.00000000 1.00000000
0.95832831 0.10733947 0.26473597 6.02856922 -0.28566921 0.36008960 0.88810402 13.61789894 -0.00000009 -0.92672211 0.37574762 -2.14004803 0.00000000 0.00000000 0.00000000 1.00000000
0.93386775 0.15602908 0.32178563 5.91148663 -0.35761860 0.40744686 0.84029531 12.79071617 -0.00000013 -0.89980125 0.43630037 -2.30718088 0.00000000 0.00000000 0.00000000 1.00000000
0.88806200 0.22628443 0.40017661 5.98819876 -0.45972380 0.43712020 0.77303314 12.48329639 -0.00000002 -0.87047201 0.49221814 -2.21190023 0.00000000 0.00000000 0.00000000 1.00000000
0.82602149 0.32916132 0.45753828 5.67761421 -0.56363857 0.48239130 0.67052984 11.15071678 -0.00000002 -0.81175828 0.58399361 -2.64144659 0.00000000 0.00000000 0.00000000 1.00000000
0.88728839 0.25048959 0.38726518 5.55883121 -0.46121511 0.48189351 0.74502313 11.15111732 -0.00000009 -0.83966291 0.54310805 -2.80857944 0.00000000 0.00000000 0.00000000 1.00000000
0.91463691 0.20326012 0.34946328 5.43532181 -0.40427622 0.45985696 0.79062778 11.13244534 -0.00000001 -0.86441708 0.50277537 -2.97571278 0.00000000 0.00000000 0.00000000 1.00000000
0.92246336 0.18364885 0.33960924 5.32484961 -0.38608462 0.43878832 0.81142068 10.99447060 -0.00000010 -0.87962377 0.47567016 -3.14284587 0.00000000 0.00000000 0.00000000 1.00000000
0.91643620 0.18692464 0.35384157 5.20963812 -0.40018082 0.42806789 0.81031680 10.73304367 -0.00000009 -0.88420427 0.46710056 -3.30997896 0.00000000 0.00000000 0.00000000 1.00000000
0.91495168 0.19439957 0.35365555 5.08653116 -0.40356341 0.44073921 0.80180162 10.45766354 -0.00000008 -0.87633216 0.48170760 -3.47711182 0.00000000 0.00000000 0.00000000 1.00000000
0.91957670 0.19617715 0.34043092 4.92535925 -0.39291054 0.45913753 0.79675215 10.21559143 -0.00000004 -0.86643362 0.49929225 -3.64424467 0.00000000 0.00000000 0.00000000 1.00000000
0.96416730 0.08584861 0.25102079 4.68781376 -0.26529497 0.31200173 0.91229022 9.97130394 -0.00000007 -0.94619495 0.32359707 -3.81137753 0.00000000 0.00000000 0.00000000 1.00000000
0.94177318 0.10593224 0.31912631 4.63007164 -0.33624879 0.29669774 0.89381611 9.61552620 -0.00000012 -0.94907790 0.31504157 -3.97851062 0.00000000 0.00000000 0.00000000 1.00000000
0.83330280 0.25785577 0.48899579 4.60543346 -0.55281687 0.38868555 0.73710060 9.31696510 -0.00000005 -0.88455313 0.46643975 -4.14564323 0.00000000 0.00000000 0.00000000 1.00000000
0.99853843 -0.01732113 -0.05119587 4.50597095 0.05404663 0.32001516 0.94586951 9.02987671 -0.00000008 -0.94725400 0.32048357 -4.31277657 0.00000000 0.00000000 0.00000000 1.00000000
0.99829865 -0.00746665 -0.05782814 4.37024021 0.05830819 0.12783527 0.99008006 8.71364403 -0.00000010 -0.99176741 0.12805314 -4.47990990 0.00000000 0.00000000 0.00000000 1.00000000
0.98239374 0.03461555 0.18358727 4.19677544 -0.18682216 0.18202418 0.96538323 8.41353226 -0.00000006 -0.98268461 0.18528636 -4.64704275 0.00000000 0.00000000 0.00000000 1.00000000
0.87206799 -0.35296449 -0.33898896 4.10489893 0.48938477 0.62897128 0.60406756 8.23212433 -0.00000008 -0.69268399 0.72124118 -4.81417561 0.00000000 0.00000000 0.00000000 1.00000000
0.99999398 -0.00076757 -0.00337835 3.90995455 0.00346445 0.22153230 0.97514683 8.26684856 -0.00000009 -0.97515273 0.22153363 -4.76054955 0.00000000 0.00000000 0.00000000 1.00000000
0.99898314 0.01739915 0.04159268 3.64876318 -0.04508527 0.38552564 0.92159498 6.73945141 -0.00000008 -0.92253304 0.38591808 -5.02630520 0.00000000 0.00000000 0.00000000 1.00000000
0.97038198 -0.11061119 -0.21476486 3.29377127 0.24157563 0.44431230 0.86268640 6.22311449 -0.00000009 -0.88901734 0.45787361 -5.14764738 0.00000000 0.00000000 0.00000000 1.00000000
0.98633868 -0.05778155 -0.15426385 3.13774514 0.16473022 0.34597242 0.92367047 7.46902466 -0.00000006 -0.93646383 0.35076433 -5.34206772 0.00000000 0.00000000 0.00000000 1.00000000
0.97865152 0.08697141 0.18621792 4.63856077 -0.20552650 0.41413039 0.88671011 5.56868839 -0.00000006 -0.90605295 0.42316428 -5.46566200 0.00000000 0.00000000 0.00000000 1.00000000
-0.96727115 0.08422820 0.23935904 5.03790522 -0.25374621 -0.32107452 -0.91242778 -1.32018220 -0.00000011 -0.94330120 0.33193830 -5.67186928 0.00000000 0.00000000 0.00000000 1.00000000
-0.81284231 0.24306419 0.52934629 2.87197208 -0.58248407 -0.33919016 -0.73868978 1.44712877 -0.00000003 -0.90877390 0.41728893 -5.98410702 0.00000000 0.00000000 0.00000000 1.00000000
0.65638506 0.20885056 0.72494149 4.73332930 -0.75442606 0.18170948 0.63073224 7.11228132 -0.00000005 -0.96091795 0.27683365 -6.15123940 0.00000000 0.00000000 0.00000000 1.00000000
-0.99973059 -0.01529435 -0.01745391 3.93371105 0.02320681 -0.65887034 -0.75189841 1.40962410 -0.00000006 -0.75210094 0.65904790 -6.31837273 0.00000000 0.00000000 0.00000000 1.00000000
0.09935042 0.49104798 0.86544877 3.49149656 -0.99505264 0.04902828 0.08641032 3.25479674 0.00000005 -0.86975187 0.49348941 -6.48550510 0.00000000 0.00000000 0.00000000 1.00000000
0.20144682 0.40836963 0.89031094 3.99968481 -0.97949958 0.08398650 0.18310413 3.38753867 -0.00000005 -0.90894485 0.41691655 -6.65263844 0.00000000 0.00000000 0.00000000 1.00000000
0.38670799 0.38975316 0.83579272 3.78762913 -0.92220229 0.16343568 0.35047376 3.57777810 -0.00000014 -0.90630090 0.42263308 -6.81977129 0.00000000 0.00000000 0.00000000 1.00000000
0.12770823 0.42223042 0.89744753 3.96912122 -0.99181175 0.05436751 0.11555761 2.38103199 -0.00000004 -0.90485668 0.42571628 -6.98690510 0.00000000 0.00000000 0.00000000 1.00000000
0.29513317 0.39567587 0.86967641 3.96912122 -0.95545614 0.12222148 0.26863638 2.75398207 -0.00000023 -0.91022116 0.41412252 -7.15403748 0.00000000 0.00000000 0.00000000 1.00000000
0.99990046 -0.00728074 -0.01208746 1.17585874 0.01411085 0.51591188 0.85652560 3.81401300 -0.00000008 -0.85661083 0.51596326 -7.32117081 0.00000000 0.00000000 0.00000000 1.00000000
0.99999875 0.00071358 0.00142777 1.23197210 -0.00159616 0.44710356 0.89448088 4.06594086 -0.00000008 -0.89448208 0.44710413 -7.48830366 0.00000000 0.00000000 0.00000000 1.00000000
0.49940997 0.32239178 0.80414754 3.96912122 -0.86636579 0.18584016 0.46354479 2.93506145 0.00000009 -0.92818481 0.37211961 -7.65543699 0.00000000 0.00000000 0.00000000 1.00000000
0.99873847 -0.03035509 -0.03999995 1.14664388 0.05021382 0.60375291 0.79558843 3.02067637 -0.00000007 -0.79659331 0.60451555 -7.82256937 0.00000000 0.00000000 0.00000000 1.00000000
0.99968737 -0.01766159 -0.01769899 1.14443111 0.02500372 0.70613599 0.70763469 2.80031824 -0.00000006 -0.70785600 0.70635682 -7.98970270 0.00000000 0.00000000 0.00000000 1.00000000
0.99882615 -0.04528562 -0.01719301 1.14347219 0.04843952 0.93379223 0.35452169 2.46900105 -0.00000003 -0.35493836 0.93488973 -8.15683556 0.00000000 0.00000000 0.00000000 1.00000000
-0.99993759 0.00909639 0.00650547 1.15047216 -0.01118326 -0.81333941 -0.58168221 2.01809549 -0.00000005 -0.58171856 0.81339014 -8.32396889 0.00000000 0.00000000 0.00000000 1.00000000
-0.99988812 0.00694670 0.01323169 1.16122532 -0.01494438 -0.46478054 -0.88529956 1.88664412 -0.00000008 -0.88539845 0.46483269 -8.49110126 0.00000000 0.00000000 0.00000000 1.00000000
-0.99967605 0.00526101 0.02489603 1.20715368 -0.02544583 -0.20668279 -0.97807693 1.59643292 -0.00000009 -0.97839373 0.20674992 -8.65702152 0.00000000 0.00000000 0.00000000 1.00000000
-0.99959928 0.00241080 0.02820987 1.22774792 -0.02831269 -0.08511204 -0.99596912 1.41954279 -0.00000009 -0.99636859 0.08514599 -8.81110001 0.00000000 0.00000000 0.00000000 1.00000000
